         147          21          27           0         732        1114
         147          21          27           1         834        1049
         147          21          27           2         807        1043
         147          20          26           0         882        1160
         147          20          26           1         857        1107
         147          19          25           0         758        1397
         147          19          25           1         681        1375
         147          19          25           2         635        1400
         147          18          24           0         650        1264
         147          18          24           1         626        1210
         147          18          24           2         687        1330
         147          17          23           0         641        1208
         147          17          23           1         662        1372
         147          17          23           2         581        1490
         147          16          22           0         754        1273
         147          16          22           1         709        1209
         147          16          22           2         687        1234
         147          15          21           0         591        1061
         147          15          21           1         665        1180
         147          15          21           2         644        1164
         147          14          20           0         575        1264
         147          14          20           1         646        1251
         147          14          20           2         650        1298
         147          13          19           0         605        1135
         147          13          19           1         645        1190
         147          13          19           2         631        1147
         147          10          18           0         657         968
         147          10          18           1         929        1261
         147          10          18           2         610        1046
         147           9          17           0         322        1327
         147           9          17           1         319        1474
         147           9          17           2         307        1610
         147           8          16           0         247        1829
         147           8          16           1         270        1901
         147           8          16           2         179        1692
         147           7          15           0         202        2062
         147           6          14           0         659        1412
         147           6          14           1         763        1315
         147           6          14           2         658        1206
         147           5          13           0         659        1026
         147           5          13           1         690        1203
         147           4          12           0         743        1073
         147           4          12           1         818         939
         147           4          12           2         742         898
         147           3          11           0         889        1022
         147           3          11           1         823         937
         147           3          11           2         728         851
         147           2          10           0         786         917
         147           2          10           1         754         859
         147           2          10           2         886        1024
         147          21           9           0         707         890
         147          21           9           1         790         863
         147          21           9           2         733         893
         147          20           8           0         764        1027
         147          20           8           1         803         901
         147          20           8           2         640         968
         147          19           7           0         699        1178
         147          19           7           1         858         954
         147          19           7           2         705         940
         147          18           6           0         752        1147
         147          18           6           1         793         915
         147          18           6           2         606        1133
         147          17           5           0         630        1145
         147          17           5           1         868        1015
         147          17           5           2         573        1017
         147          16           4           0         691         893
         147          16           4           1         811         966
         147          16           4           2         794        1062
         147          15           3           0         369         763
         147          15           3           1         646        1015
         147          15           3           2         430         921
         147          14           2           0         373        1149
         147          13           1           0         378        1190
         147          13           1           1         355        1475
         147          13           1           2         255        1488
         147          10           0           0         262        1427
         147          10           0           1         273        1574
         146           9          23           0         325        1707
         146           9          23           1         397        1394
         146           9          23           2         678        1054
         146           8          22           0         388        1333
         146           8          22           1         456        1131
         146           8          22           2         588        1128
         146           7          21           0         380        1412
         146           7          21           1         466        1037
         146           7          21           2         751        1032
         146           6          20           0         586        1385
         146           6          20           1         627        1035
         146           6          20           2         702         892
         146           5          19           0         652        1070
         146           5          19           1         647        1029
         146           5          19           2         748        1055
         146           4          18           0         530        1287
         146           4          18           1         733        1159
         146           4          18           2         688        1057
         146           3          17           0         784        1173
         146           3          17           1         635        1017
         146           3          17           2         683        1017
         146           2          16           0         614        1085
         146           2          16           1         653         997
         146           2          16           2         603        1077
         146          19          15           0         342        1842
         146          19          15           1         342        2003
         146          19          15           2         321        2341
         146          18          14           0         115        2133
         146          18          14           1         250        2345
         146          18          14           2         227        2333
         146          17          13           0         165        2599
         146          16          12           0         303        1493
         146          16          12           1         292        1689
         146          16          12           2         321        1725
         146          15          11           0         343        1838
         146          15          11           1         159        1934
         146          14          10           0         691        1239
         146          14          10           1         658        1004
         146          14          10           2         716         894
         146          13           9           0         603         894
         146          13           9           1         573         803
         146          13           9           2         720         965
         146          10           8           0         794        1063
         146          10           8           1         722         970
         146          10           8           2         757        1006
         146           9           7           0         820         999
         146           9           7           1         706         992
         146           9           7           2         517        1017
         146           8           6           0         548        1056
         146           8           6           1         682         899
         146           8           6           2         737         932
         146           7           5           0         635        1036
         146           7           5           1         542         973
         146           7           5           2         698        1065
         146           6           4           0         627         933
         146           6           4           1         637         959
         146           6           4           2         777        1054
         146           5           3           0         677        1035
         146           5           3           1         647        1008
         146           5           3           2         750        1244
         146           4           2           0         581         938
         146           4           2           1         701        1192
         146           4           2           2         432        1280
         146           3           1           0         726        1538
         146           3           1           1         646        1589
         146           3           1           2         566        1742
         146           2           0           0         266        2108
