         147          21          27           0         649        1224
         147          21          27           1         644        1194
         147          21          27           2         688        1130
         147          20          26           0         739        1455
         147          20          26           1         729        1504
         147          19          25           0         737        1203
         147          19          25           1         794        1268
         147          19          25           2         632        1267
         147          18          24           0         692        1185
         147          18          24           1         608        1163
         147          18          24           2         789        1269
         147          17          23           0         640        1187
         147          17          23           1         643        1169
         147          17          23           2         658        1140
         147          16          22           0         676        1346
         147          16          22           1         653        1227
         147          16          22           2         715        1244
         147          15          21           0         563        1082
         147          15          21           1         637        1266
         147          15          21           2         563        1174
         147          14          20           0         658        1331
         147          14          20           1         681        1158
         147          14          20           2         742        1266
         147          13          19           0         635        1211
         147          13          19           1         641        1237
         147          13          19           2         606        1274
         147          10          18           0         615        1267
         147          10          18           1         947        1347
         147          10          18           2         570        1114
         147           9          17           0         612        1262
         147           9          17           1         706        1489
         147           9          17           2         759        1501
         147           8          16           0         688        1388
         147           8          16           1         685        1496
         147           8          16           2         686        1542
         147           7          15           0         651        1563
         147           6          14           0         652        1281
         147           6          14           1         709        1336
         147           6          14           2         646        1251
         147           5          13           0         607        1086
         147           5          13           1         706        1295
         147           4          12           0         610        1214
         147           4          12           1         612        1144
         147           4          12           2         553        1112
         147           3          11           0         703        1388
         147           3          11           1         631        1241
         147           3          11           2         552        1238
         147           2          10           0         683        1089
         147           2          10           1         561        1181
         147           2          10           2         714        1442
         147          21           9           0         539        1215
         147          21           9           1         626        1351
         147          21           9           2         570        1146
         147          20           8           0         799        1283
         147          20           8           1         714        1167
         147          20           8           2         609        1349
         147          19           7           0         701        1366
         147          19           7           1         776        1322
         147          19           7           2         648        1451
         147          18           6           0         679        1252
         147          18           6           1         689        1200
         147          18           6           2         663        1333
         147          17           5           0         653        1333
         147          17           5           1         728        1229
         147          17           5           2         608        1234
         147          16           4           0         675        1350
         147          16           4           1         751        1411
         147          16           4           2         764        1779
         147          15           3           0         420        1136
         147          15           3           1         669        1457
         147          15           3           2         436        1300
         147          14           2           0         294        1529
         147          13           1           0         660        1151
         147          13           1           1         661        1180
         147          13           1           2         701        1238
         147          10           0           0         691        1293
         147          10           0           1         713        1230
         146           9          23           0         658        1257
         146           9          23           1         639        1222
         146           9          23           2         623        1236
         146           8          22           0         648        1241
         146           8          22           1         584        1107
         146           8          22           2         612        1248
         146           7          21           0         723        1289
         146           7          21           1         536        1039
         146           7          21           2         643        1221
         146           6          20           0         722        1314
         146           6          20           1         571        1123
         146           6          20           2         560        1129
         146           5          19           0         604        1305
         146           5          19           1         595        1132
         146           5          19           2         715        1384
         146           4          18           0         625        1145
         146           4          18           1         660        1176
         146           4          18           2         674        1306
         146           3          17           0         650        1295
         146           3          17           1         564        1257
         146           3          17           2         610        1192
         146           2          16           0         612        1154
         146           2          16           1         555        1200
         146           2          16           2         549        1202
         146          19          15           0         740        1213
         146          19          15           1         665        1359
         146          19          15           2         801        1572
         146          18          14           0         554        1043
         146          18          14           1         596        1277
         146          18          14           2         624        1328
         146          17          13           0         575        1279
         146          16          12           0         638        1298
         146          16          12           1         540        1369
         146          16          12           2         659        1595
         146          15          11           0         659        1532
         146          15          11           1         562        1229
         146          14          10           0         715        1273
         146          14          10           1         665        1182
         146          14          10           2         624        1193
         146          13           9           0         548        1139
         146          13           9           1         491        1127
         146          13           9           2         739        1417
         146          10           8           0         753        1380
         146          10           8           1         668        1187
         146          10           8           2         711        1354
         146           9           7           0         716        1380
         146           9           7           1         703        1456
         146           9           7           2         626        1344
         146           8           6           0         602        1312
         146           8           6           1         584        1306
         146           8           6           2         648        1208
         146           7           5           0         765        1272
         146           7           5           1         704        1151
         146           7           5           2         650        1230
         146           6           4           0         570        1172
         146           6           4           1         568        1230
         146           6           4           2         652        1226
         146           5           3           0         660        1170
         146           5           3           1         421        1154
         146           5           3           2         610        1310
         146           4           2           0         549        1105
         146           4           2           1         641        1337
         146           4           2           2         611        1287
         146           3           1           0         701        1495
         146           3           1           1         669        1339
         146           3           1           2         633        1331
         146           2           0           0         636        1378
